36 60
0 35 100
 0  1 10
 0  6 10
 1  2 10
 1  7 10
 2  3 10
 2  8 10
 3  4 10
 3  9 10
 4  5 10
 4 10 10
 5 11 10
 6  7 10
 6 12 10
 7  8 10
 7 13 10
 8  9 10
 8 14 10
 9 10 10
 9 15 10
10 11 10
10 16 10
11 17 10
12 13 10
12 18 10
13 14 10
13 19 10
14 15 10
14 20 10
15 16 10
15 21 10
16 17 10
16 22 10
17 23 10
18 19 10
18 24 10
19 20 10
19 25 10
20 21 10
20 26 10
21 22 10
21 27 10
22 23 10
22 28 10
23 29 10
24 25 10
24 30 10
25 26 10
25 31 10
26 27 10
26 32 10
27 28 10
27 33 10
28 29 10
28 34 10
29 35 10
30 31 10
31 32 10
32 33 10
33 34 10
34 35 10
// siatka 6x6
